## num_jobs: 1
# iodepth iops total_ios clat_ms clat_stdev usr_cpu sys_cpu
 1  471.47  28289.00  2.11  1.73  0.59  0.33 
 2  812.54  48757.00  2.45  2.40  0.91  0.40 
 3  1108.82  66537.00  2.70  3.11  1.26  0.51 
 4  1670.87  100257.00  2.38  2.89  1.89  0.78 
 5  2214.71  132905.00  2.25  2.73  2.58  1.06 
 8  2428.29  145717.00  3.28  3.60  3.07  1.19 
 16  3086.30  185212.00  5.17  5.17  4.17  1.75 
 24  2990.67  179479.00  8.01  6.45  4.19  1.70 
 32  3068.41  184132.00  10.42  7.81  4.43  1.71 
 64  3372.91  202432.00  18.96  19.45  5.05  2.02 
 128  3574.30  214565.00  35.83  60.71  5.38  2.12 
