## num_jobs: 1
# iodepth iops total_ios clat_ms clat_stdev usr_cpu sys_cpu
 1  285.90  17155.00  3.35  1.30  4.25  0.19 
 2  417.97  25086.00  4.62  1.72  6.84  0.22 
 3  433.05  25984.00  6.74  2.31  7.91  0.19 
 4  435.41  26127.00  8.97  2.85  9.51  0.16 
 8  437.13  26231.00  18.01  4.56  12.57  0.22 
 12  394.93  23704.00  30.05  8.42  12.99  0.24 
 16  431.45  25901.00  36.77  8.84  13.79  0.23 
 20  411.33  24696.00  48.27  12.49  13.28  0.26 
 24  442.24  26535.00  53.93  9.56  14.63  0.26 
 28  455.06  27317.00  61.16  11.47  15.14  0.23 
 32  442.55  26575.00  71.89  12.77  15.08  0.31 
