## num_jobs: 1
# iodepth iops total_ios clat_ms clat_stdev usr_cpu sys_cpu
 1  434.33  26060.00  2.29  0.24  0.41  0.34 
 2  861.87  51713.00  2.31  0.40  0.81  0.55 
 3  1214.31  72862.00  2.46  0.53  1.00  0.65 
 4  1406.30  84382.00  2.84  0.66  1.13  0.74 
 8  1599.58  95981.00  4.99  1.41  1.27  0.79 
 12  1636.31  98190.00  7.33  2.51  1.33  0.87 
 16  1643.38  98616.00  9.73  4.19  1.36  0.86 
 20  1646.99  98836.00  12.14  6.26  1.39  0.91 
 24  1648.93  98952.00  14.55  9.05  1.43  0.86 
 28  1648.34  98922.00  16.98  12.11  1.42  0.89 
 32  1649.64  99005.00  19.39  15.84  1.45  0.86 
