## num_jobs: 1
# iodepth bw total_ios clat_ms clat_stdev usr_cpu sys_cpu
 1  299.89  17572.00  3.25  1.37  4.76  0.24 
 2  368.09  21568.00  5.41  2.76  5.61  0.17 
 3  346.11  20279.00  8.71  3.98  5.50  0.21 
 4  440.60  25814.00  9.09  3.05  8.87  0.23 
 6  453.09  26548.00  13.28  3.30  12.18  0.22 
 8  456.34  26741.00  17.69  5.32  11.71  0.19 
 10  457.69  26814.00  22.08  5.89  13.27  0.27 
 12  434.17  25437.00  28.01  6.62  12.68  0.24 
 14  438.24  25685.00  32.41  7.42  13.59  0.24 
 16  388.52  22751.00  41.88  12.73  11.79  0.22 
 20  432.73  25349.00  47.04  10.45  13.40  0.26 
