## num_jobs: 1
# iodepth bw total_ios clat_ms clat_stdev usr_cpu sys_cpu
 1  435.48  25517.00  2.34  0.24  0.45  0.39 
 2  649.06  38031.00  3.15  0.57  0.50  0.47 
 3  922.93  54078.00  3.32  0.86  0.78  0.53 
 4  1104.87  64739.00  3.70  1.03  0.81  0.59 
 6  1306.37  76544.00  4.70  1.31  0.93  0.73 
 8  1434.16  84034.00  5.71  1.75  1.08  0.74 
 10  1496.02  87657.00  6.84  2.20  1.16  0.72 
 12  1526.54  89445.00  8.04  2.75  1.18  0.74 
 14  1542.24  90366.00  9.29  3.40  1.16  0.78 
 16  1550.39  90845.00  10.56  4.12  1.18  0.79 
 20  1560.46  91440.00  13.12  6.02  1.26  0.76 
