## num_jobs: 1
# iodepth iops total_ios clat_ms clat_stdev usr_cpu sys_cpu
 1  819.47  49169.00  1.21  0.16  0.81  0.58 
 2  1902.10  114128.00  1.05  0.52  1.39  0.83 
 3  2834.50  170073.00  1.05  1.69  1.93  1.14 
 4  3411.73  204707.00  1.17  3.27  2.29  1.37 
 5  4298.44  257915.00  1.16  0.97  2.96  1.78 
 8  5470.48  328240.00  1.46  3.58  3.79  2.43 
 16  6484.81  389108.00  2.46  1.09  4.83  3.00 
 24  6576.57  394765.00  3.64  2.05  4.95  3.07 
 32  6605.68  396374.00  4.84  3.63  4.95  3.21 
 64  6614.65  396945.00  9.67  12.81  4.99  3.18 
 128  6615.85  397090.00  19.35  35.25  5.19  3.05 
