## num_jobs: 1
# iodepth iops total_ios clat_ms clat_stdev usr_cpu sys_cpu
 1  613.83  36831.00  1.58  0.79  3.06  0.35 
 2  967.12  58028.00  2.03  1.56  4.22  0.47 
 3  1079.10  64748.00  2.74  1.88  4.63  0.57 
 4  1121.64  67302.00  3.52  2.63  4.84  0.46 
 5  901.00  54062.00  5.50  2.65  4.29  0.37 
 8  1440.11  86421.00  5.50  3.00  8.51  0.53 
 16  1551.26  93080.00  10.23  3.84  12.95  0.71 
 24  1333.06  80002.00  17.90  7.11  12.91  0.66 
 32  1296.37  77791.00  24.58  9.05  12.41  0.66 
 64  1403.23  84246.00  45.50  15.28  13.89  0.73 
 128  1682.36  101063.00  75.91  19.98  18.65  0.84 
