## num_jobs: 1
# iodepth iops total_ios clat_ms clat_stdev usr_cpu sys_cpu
 1  367.92  22079.00  2.70  2.32  0.56  0.25 
 2  573.17  34396.00  3.48  3.28  0.75  0.33 
 3  1010.32  60622.00  2.96  2.97  1.31  0.50 
 4  1565.51  93935.00  2.54  2.66  2.10  0.74 
 5  1674.29  100464.00  2.97  2.97  2.28  0.81 
 8  1759.57  105581.00  4.53  4.38  2.58  0.89 
 16  2231.98  133959.00  7.15  5.57  3.67  1.17 
 24  2207.37  132451.00  10.86  7.29  3.98  1.10 
 32  2351.56  141131.00  13.59  10.27  4.37  1.33 
 64  2505.50  150405.00  25.53  22.31  5.09  1.34 
 128  2550.56  153143.00  50.28  82.53  5.18  1.46 
