## num_jobs: 1
# iodepth iops total_ios clat_ms clat_stdev usr_cpu sys_cpu
 2  2559.42  153568.00  0.78  0.15  1.76  1.30 
 4  6171.03  370268.00  0.64  0.18  3.26  2.03 
 6  10109.43  606576.00  0.59  0.31  5.12  3.30 
 8  12758.35  765514.00  0.62  0.55  6.55  4.09 
 12  18284.13  1097066.00  0.65  0.36  9.43  6.16 
 16  22553.14  1353211.00  0.71  0.54  12.16  7.51 
 24  29350.66  1761069.00  0.81  0.60  16.79  10.48 
 32  34705.70  2082377.00  0.92  0.32  19.02  12.61 
 64  46000.77  2760138.00  1.39  0.39  24.35  14.71 
 128  52368.68  3142278.00  2.44  1.18  25.19  13.98 
 256  53399.53  3204399.00  4.79  4.50  25.05  13.69 
