## num_jobs: 1
# iodepth iops total_ios clat_ms clat_stdev usr_cpu sys_cpu
 1  510.57  30635.00  1.95  1.44  0.56  0.33 
 2  962.23  57735.00  2.07  1.98  0.89  0.52 
 3  1494.38  89666.00  2.00  2.19  1.39  0.69 
 4  2025.53  121544.00  1.97  2.29  1.87  0.98 
 5  2594.06  155649.00  1.92  2.18  2.51  1.31 
 8  3095.70  185748.00  2.57  2.97  3.24  1.66 
 16  3912.14  234779.00  4.08  4.06  4.24  2.33 
 24  5037.51  302311.00  4.75  4.42  5.35  3.19 
 32  3484.81  209141.00  9.17  6.53  3.70  2.12 
 64  5419.84  325299.00  11.80  9.62  5.57  3.38 
 128  6468.50  388621.00  19.78  20.34  6.52  3.87 
