## num_jobs: 1
# iodepth iops total_ios clat_ms clat_stdev usr_cpu sys_cpu
 1  627.19  37632.00  1.59  0.20  0.65  0.48 
 2  1350.32  81022.00  1.47  0.29  1.06  0.75 
 3  1992.55  119557.00  1.50  0.35  1.45  0.95 
 4  2475.08  148510.00  1.61  0.43  1.75  1.06 
 8  3157.16  189439.00  2.53  0.69  2.31  1.36 
 16  3272.40  196357.00  4.88  1.99  2.40  1.54 
 24  3288.25  197315.00  7.29  4.40  2.65  1.53 
 32  3295.21  197742.00  9.70  7.91  2.59  1.60 
 40  3298.33  197946.00  12.12  12.42  2.58  1.56 
 48  3298.22  197936.00  14.55  17.14  2.63  1.57 
 64  3293.07  197647.00  19.43  27.20  2.76  1.59 
