## num_jobs: 1
# iodepth bw total_ios clat_ms clat_stdev usr_cpu sys_cpu
 1  328.93  38548.00  1.55  0.18  0.70  0.57 
 2  543.22  63659.00  1.88  0.56  0.74  0.63 
 3  741.44  86888.00  2.07  0.96  1.08  0.74 
 4  804.21  94244.00  2.54  0.82  1.12  0.78 
 6  964.79  113062.00  3.18  1.91  1.26  0.83 
 8  1137.69  133323.00  3.60  2.06  1.40  0.94 
 12  1327.22  155536.00  4.62  2.17  1.65  1.17 
 16  1433.19  167957.00  5.71  2.84  1.91  1.26 
 20  1499.91  175781.00  6.82  3.00  2.01  1.30 
 24  1528.69  179147.00  8.03  3.79  2.11  1.29 
 32  1554.57  182172.00  10.53  5.51  2.17  1.35 
