## num_jobs: 1
# iodepth iops total_ios clat_ms clat_stdev usr_cpu sys_cpu
 1  399.40  23965.00  2.49  2.00  0.80  0.27 
 2  641.89  38516.00  3.10  2.84  1.13  0.35 
 3  1017.25  61038.00  2.93  2.82  1.80  0.47 
 4  1583.29  95015.00  2.51  2.38  2.80  0.72 
 5  1871.70  112315.00  2.65  2.62  3.38  0.91 
 8  1969.87  118214.00  4.04  4.10  3.92  0.95 
 16  2134.08  128068.00  7.47  7.70  5.02  1.02 
 24  2143.51  128634.00  11.17  9.15  5.63  1.14 
 32  2287.32  137269.00  13.96  11.15  6.35  1.20 
 64  2419.00  145232.00  26.43  29.10  7.27  1.28 
 128  2508.24  150592.00  51.02  98.87  7.48  1.30 
