## num_jobs: 1
# iodepth bw total_ios clat_ms clat_stdev usr_cpu sys_cpu
 1  219.46  51437.00  1.16  0.19  0.83  0.69 
 2  406.35  95239.00  1.25  0.23  1.07  0.83 
 3  535.81  125582.00  1.43  0.31  1.43  1.00 
 4  582.16  136446.00  1.75  0.42  1.50  1.06 
 5  607.29  142335.00  2.10  0.55  1.44  1.13 
 8  725.67  170081.00  2.82  0.97  1.66  1.23 
 16  851.65  199610.00  4.80  13.53  2.09  1.26 
 24  1155.50  270834.00  5.31  9.29  2.77  1.84 
 32  1348.77  316123.00  6.07  2.85  3.47  2.16 
 48  1449.09  339639.00  8.47  11.04  3.89  2.41 
 64  1521.90  357014.00  10.76  8.13  4.10  2.63 
