## num_jobs: 1
# iodepth bw total_ios clat_ms clat_stdev usr_cpu sys_cpu
 1  177.05  41498.00  1.40  0.82  3.27  0.41 
 2  234.20  54893.00  2.15  1.31  3.78  0.50 
 3  340.38  79779.00  2.22  1.41  5.41  0.61 
 5  286.60  67171.00  4.43  2.83  4.57  0.53 
 8  330.05  77354.00  6.16  3.56  5.89  0.53 
 12  395.70  92745.00  7.71  3.76  8.47  0.57 
 16  368.14  86283.00  11.06  4.58  9.69  0.53 
 24  348.29  81609.00  17.56  7.89  11.02  0.47 
 32  322.34  75538.00  25.34  9.04  10.39  0.41 
 48  297.21  69618.00  41.27  12.10  10.90  0.38 
 64  275.86  64632.00  59.36  13.89  9.99  0.36 
