## num_jobs: 1
# iodepth bw total_ios clat_ms clat_stdev usr_cpu sys_cpu
 2  29.55  221662.00  0.54  0.26  2.13  1.73 
 4  56.06  420490.00  0.57  0.19  3.12  2.09 
 8  96.82  726156.00  0.66  0.30  4.87  3.15 
 12  105.19  788944.00  0.91  2.09  5.25  3.25 
 16  122.88  921613.00  1.04  0.64  6.07  3.87 
 24  135.15  1013650.00  1.42  0.97  7.02  4.46 
 32  140.70  1055267.00  1.82  1.14  6.96  4.25 
 64  147.99  1109948.00  3.46  2.01  7.39  4.62 
 96  152.92  1146975.00  5.02  2.38  7.33  4.61 
 128  163.12  1223502.00  6.27  3.03  8.57  5.17 
 192  182.06  1365493.00  8.43  4.78  9.60  5.68 
