## num_jobs: 1
# iodepth iops total_ios clat_ms clat_stdev usr_cpu sys_cpu
 1  270.03  16203.00  3.56  1.17  3.83  0.19 
 2  403.37  24204.00  4.80  1.72  6.23  0.18 
 3  427.89  25677.00  6.82  2.38  8.15  0.19 
 4  434.40  26068.00  8.98  2.83  9.66  0.19 
 8  453.08  27190.00  17.34  4.74  14.27  0.26 
 12  444.79  26696.00  26.65  5.19  14.42  0.27 
 16  447.01  26825.00  35.45  7.04  15.01  0.26 
 20  454.16  27254.00  43.71  12.79  14.86  0.26 
 24  448.31  26911.00  53.16  9.52  15.98  0.26 
 28  437.46  26260.00  63.68  16.75  14.55  0.24 
 32  440.61  26458.00  72.29  14.28  14.69  0.25 
