## num_jobs: 1
# iodepth iops total_ios clat_ms clat_stdev usr_cpu sys_cpu
 1  387.07  23225.00  2.57  0.28  0.43  0.31 
 2  788.79  47328.00  2.53  0.43  0.69  0.52 
 3  1093.73  65627.00  2.74  0.57  0.83  0.66 
 4  1296.15  77773.00  3.08  0.70  1.03  0.67 
 8  1547.06  92833.00  5.16  1.43  1.31  0.78 
 12  1589.24  95369.00  7.54  2.58  1.44  0.80 
 16  1608.01  96490.00  9.94  4.01  1.36  0.93 
 20  1620.26  97235.00  12.33  5.77  1.46  0.89 
 24  1624.62  97492.00  14.76  8.06  1.47  0.89 
 28  1624.79  97512.00  17.22  11.07  1.52  0.86 
 32  1627.62  97690.00  19.65  14.94  1.49  0.86 
