## num_jobs: 1
# iodepth bw total_ios clat_ms clat_stdev usr_cpu sys_cpu
 1  288.84  16925.00  3.39  1.29  4.44  0.16 
 2  416.91  24428.00  4.76  1.98  6.34  0.20 
 3  433.09  25375.00  6.92  2.51  7.28  0.20 
 4  443.01  25957.00  9.04  3.02  9.07  0.21 
 6  450.13  26374.00  13.38  3.39  11.81  0.24 
 8  453.06  26542.00  17.78  5.51  13.18  0.19 
 10  484.29  28376.00  20.85  6.62  14.18  0.19 
 12  454.99  26651.00  26.69  6.40  13.75  0.25 
 14  454.05  26597.00  31.29  8.07  12.88  0.16 
 16  447.26  26197.00  36.33  8.62  14.01  0.20 
 20  452.08  26475.00  45.01  9.12  13.87  0.22 
