## num_jobs: 1
# iodepth bw total_ios clat_ms clat_stdev usr_cpu sys_cpu
 1  405.12  23739.00  2.52  0.29  0.40  0.33 
 2  616.01  36095.00  3.32  0.71  0.50  0.40 
 3  824.25  48297.00  3.72  1.02  0.67  0.47 
 4  981.22  57495.00  4.17  1.17  0.73  0.54 
 6  1176.05  68911.00  5.22  1.54  0.89  0.61 
 8  1301.16  76242.00  6.29  2.02  0.98  0.70 
 10  1375.68  80607.00  7.44  2.55  1.09  0.71 
 12  1421.31  83284.00  8.64  3.15  1.14  0.74 
 14  1453.08  85140.00  9.86  3.80  1.18  0.77 
 16  1468.09  86076.00  11.15  4.68  1.18  0.81 
 20  1486.70  87113.00  13.77  6.52  1.29  0.74 
