## num_jobs: 1
# iodepth iops total_ios clat_ms clat_stdev usr_cpu sys_cpu
 1  776.19  46573.00  1.28  0.16  0.77  0.56 
 2  1808.12  108489.00  1.10  0.28  1.28  0.86 
 3  2696.19  161777.00  1.11  0.42  1.85  1.11 
 4  3412.40  204751.00  1.17  0.47  2.37  1.43 
 5  3843.92  230966.00  1.29  4.08  2.68  1.68 
 8  4755.71  285352.00  1.68  5.14  3.54  2.20 
 16  6042.26  362560.00  2.64  1.01  4.78  3.07 
 24  6254.45  375292.00  3.83  2.01  5.30  3.56 
 32  6337.49  380281.00  5.04  3.20  5.37  3.71 
 64  6378.10  382769.00  10.03  11.77  5.60  3.94 
 128  6380.32  383004.00  20.06  33.69  5.51  3.88 
