## num_jobs: 1
# iodepth iops total_ios clat_ms clat_stdev usr_cpu sys_cpu
 1  588.37  35303.00  1.65  0.83  2.83  0.33 
 2  991.53  59494.00  1.97  1.33  4.38  0.46 
 3  1248.53  74913.00  2.36  1.49  5.47  0.53 
 4  979.92  58798.00  4.04  2.89  4.31  0.42 
 5  880.41  52836.00  5.63  4.04  4.14  0.35 
 8  963.18  57793.00  8.25  4.65  5.68  0.34 
 16  978.63  58722.00  16.26  4.83  8.34  0.41 
 24  1341.45  80499.00  17.80  6.19  12.04  0.65 
 32  1432.92  85984.00  22.22  7.43  14.45  0.74 
 64  1532.60  91993.00  41.65  9.07  16.05  0.85 
 128  1659.02  99563.00  77.03  19.55  15.54  0.88 
