## num_jobs: 1
# iodepth iops total_ios clat_ms clat_stdev usr_cpu sys_cpu
 2  3258.80  195531.00  0.61  0.08  1.95  1.16 
 4  6168.41  370111.00  0.64  0.13  3.80  2.37 
 6  8166.33  489988.00  0.73  2.68  5.24  3.40 
 8  9483.04  568992.00  0.84  3.82  6.55  4.14 
 12  13305.33  798333.00  0.90  1.60  9.88  6.61 
 16  16063.02  963797.00  0.99  0.25  11.45  8.19 
 24  19581.41  1174904.00  1.22  0.27  13.24  9.61 
 32  22084.96  1325142.00  1.44  0.36  12.83  9.82 
 64  26523.66  1591499.00  2.41  0.83  13.31  10.07 
 128  29922.01  1795500.00  4.27  2.55  14.39  9.21 
 256  30501.27  1830625.00  8.39  16.74  14.81  9.58 
