## num_jobs: 1
# iodepth iops total_ios clat_ms clat_stdev usr_cpu sys_cpu
 1  906.65  54400.00  1.09  0.73  1.32  0.49 
 2  1569.55  94187.00  1.26  1.28  2.04  0.73 
 3  2176.56  130598.00  1.37  1.45  3.02  0.97 
 4  2086.50  125192.00  1.90  2.41  2.94  0.97 
 5  2065.36  123926.00  2.41  4.66  3.02  0.92 
 8  2560.67  153712.00  3.11  3.24  3.97  1.29 
 16  2984.55  179079.00  5.34  4.39  4.92  1.59 
 24  3101.83  186147.00  7.72  5.64  5.37  1.44 
 32  3323.71  199446.00  9.61  5.23  5.94  1.49 
 64  3438.04  206296.00  18.59  8.79  6.17  1.53 
 128  3520.16  211252.00  36.34  14.90  6.24  1.45 
