## num_jobs: 1
# iodepth iops total_ios clat_ms clat_stdev usr_cpu sys_cpu
 1  511.83  30711.00  1.94  1.42  0.59  0.31 
 2  959.82  57590.00  2.08  2.05  0.93  0.46 
 3  1391.94  83518.00  2.15  2.71  1.25  0.68 
 4  1811.20  108690.00  2.20  2.88  1.70  0.82 
 5  2312.53  138782.00  2.15  2.70  2.22  1.15 
 8  2786.23  167207.00  2.86  3.48  2.89  1.53 
 16  3508.24  210568.00  4.55  4.64  3.76  2.01 
 24  4510.56  270710.00  5.31  5.11  4.70  2.79 
 32  3113.48  186843.00  10.27  7.71  3.32  1.89 
 64  5373.75  322581.00  11.90  9.81  5.54  2.98 
 128  5680.78  341000.00  22.52  39.64  5.84  3.23 
