## num_jobs: 1
# iodepth iops total_ios clat_ms clat_stdev usr_cpu sys_cpu
 1  423.75  25426.00  2.27  0.87  3.68  0.28 
 2  693.55  41616.00  2.81  1.28  5.43  0.32 
 3  782.78  46969.00  3.75  1.84  6.52  0.38 
 4  807.90  48481.00  4.86  2.44  7.13  0.33 
 8  830.14  49812.00  9.50  3.49  11.04  0.33 
 16  959.84  57603.00  16.49  5.79  17.33  0.52 
 24  860.12  51621.00  27.71  5.91  15.88  0.44 
 32  876.61  52613.00  36.32  11.23  15.90  0.44 
 40  894.92  53721.00  44.50  9.14  17.65  0.48 
 48  869.84  52211.00  54.96  9.69  17.75  0.43 
 64  942.82  56589.00  67.68  14.83  18.01  0.47 
