## num_jobs: 1
# iodepth bw total_ios clat_ms clat_stdev usr_cpu sys_cpu
 1  316.07  37042.00  1.61  0.19  0.64  0.47 
 2  524.24  61436.00  1.95  0.30  0.76  0.63 
 3  681.80  79900.00  2.25  1.17  0.98  0.68 
 4  744.82  87285.00  2.74  1.05  0.98  0.75 
 6  894.88  104871.00  3.43  1.77  1.18  0.79 
 8  1039.12  121773.00  3.94  1.74  1.37  0.90 
 12  1196.44  140206.00  5.13  2.51  1.59  1.06 
 16  1309.79  153494.00  6.25  2.82  1.75  1.17 
 20  1370.98  160659.00  7.46  3.85  1.98  1.19 
 24  1417.15  166077.00  8.67  4.31  2.07  1.24 
 32  1463.18  171470.00  11.19  6.06  2.16  1.33 
