## num_jobs: 1
# iodepth bw total_ios clat_ms clat_stdev usr_cpu sys_cpu
 1  237.97  27888.00  2.07  0.94  3.80  0.31 
 2  376.12  44077.00  2.64  1.59  5.86  0.40 
 3  393.38  46099.00  3.82  2.08  6.29  0.40 
 4  385.43  45165.00  5.23  2.91  6.21  0.36 
 6  407.16  47713.00  7.45  3.31  7.20  0.37 
 8  452.53  53035.00  8.94  3.84  9.72  0.41 
 12  302.13  35400.00  20.20  4.72  8.16  0.23 
 16  420.67  49304.00  19.32  7.55  13.04  0.34 
 20  440.47  51614.00  23.08  7.20  14.33  0.38 
 24  438.88  51424.00  27.85  7.43  13.55  0.34 
 32  460.32  53923.00  35.45  10.44  14.61  0.36 
