## num_jobs: 1
# iodepth iops total_ios clat_ms clat_stdev usr_cpu sys_cpu
 1  774.19  46452.00  1.27  0.75  1.50  0.42 
 2  1474.17  88453.00  1.34  1.19  2.55  0.68 
 3  1903.97  114244.00  1.56  1.65  3.38  0.91 
 4  1968.15  118093.00  2.02  2.05  3.52  0.90 
 5  2354.45  141281.00  2.11  2.00  4.44  1.06 
 8  2513.68  150826.00  3.16  2.91  5.20  1.26 
 16  2837.54  170261.00  5.61  3.97  6.80  1.35 
 24  3024.15  181467.00  7.91  5.31  7.90  1.43 
 32  3003.13  180197.00  10.63  5.50  8.18  1.28 
 64  2950.57  177046.00  21.66  9.37  8.59  1.19 
 128  3205.68  192357.00  39.88  12.32  9.54  1.47 
