## num_jobs: 1
# iodepth iops total_ios clat_ms clat_stdev usr_cpu sys_cpu
 4  7729.64  463786.00  0.51  0.07  4.11  2.54 
 8  14720.75  883260.00  0.54  0.12  8.39  4.97 
 12  20452.04  1227143.00  0.58  0.11  11.98  7.68 
 16  24573.46  1474432.00  0.65  0.12  14.81  9.62 
 32  34418.76  2065160.00  0.92  0.20  17.82  12.58 
 48  40261.66  2415740.00  1.19  0.29  19.66  12.16 
 64  43736.83  2624297.00  1.46  0.44  18.48  12.12 
 128  51507.67  3090563.00  2.48  1.01  19.95  12.08 
 256  57825.95  3469846.00  4.42  2.56  25.54  11.81 
 384  58362.55  3502745.00  6.58  7.06  22.48  11.40 
