## num_jobs: 1
# iodepth bw total_ios clat_ms clat_stdev usr_cpu sys_cpu
 1  171.62  40224.00  1.44  0.67  3.28  0.39 
 2  304.41  71348.00  1.64  0.83  5.12  0.63 
 3  380.58  89199.00  1.98  1.24  6.24  0.74 
 5  471.92  110603.00  2.67  1.43  8.12  0.91 
 8  519.09  121662.00  3.90  2.02  9.81  0.87 
 12  378.36  88682.00  8.06  3.75  8.09  0.61 
 16  246.69  57812.00  16.54  4.57  5.96  0.39 
 24  227.43  53306.00  26.95  6.89  6.93  0.31 
 32  220.07  51570.00  37.15  7.74  7.66  0.27 
 48  240.24  56292.00  51.10  13.26  8.54  0.30 
 64  262.83  61546.00  62.31  16.27  8.63  0.34 
