## num_jobs: 1
# iodepth bw total_ios clat_ms clat_stdev usr_cpu sys_cpu
 1  36.21  67903.00  0.87  0.43  1.65  0.53 
 2  60.11  112712.00  1.05  0.53  2.45  0.89 
 3  75.00  140618.00  1.27  0.65  2.82  1.18 
 4  83.26  156107.00  1.53  0.73  3.19  1.22 
 5  84.33  158110.00  1.89  0.89  3.15  1.20 
 8  89.86  168479.00  2.84  1.08  3.41  1.27 
 16  95.36  178807.00  5.36  1.60  3.79  1.34 
 24  100.19  187857.00  7.65  2.51  4.33  1.45 
 32  108.05  202603.00  9.46  3.41  4.94  1.58 
 64  139.14  260915.00  14.70  7.66  7.76  2.14 
 128  172.45  323365.00  23.74  12.35  10.05  2.79 
